96|40|8|2018-05-15
7|24|4|2018-05-23
78|19|6|2018-05-15
80|28|5|2018-07-01
41|19|8|2018-01-30
45|3|7|2018-01-03
74|3|2|2018-03-15
56|21|1|2018-04-02
38|15|2|2018-07-18
16|23|5|2018-06-21
47|12|1|2018-06-04
24|28|8|2018-07-07
64|31|3|2018-05-27
91|12|5|2018-04-25
26|6|6|2018-06-05
36|1|4|2018-06-12
26|23|7|2018-01-01
57|31|2|2018-02-03
19|26|3|2018-04-08
47|8|4|2018-02-17
19|6|7|2018-01-30
96|29|3|2018-04-09
83|30|4|2018-07-07
42|19|2|2018-01-26
78|40|3|2018-06-14
19|36|2|2018-06-03
6|28|3|2018-06-21
69|36|7|2018-05-30
22|42|6|2018-03-08
95|25|5|2018-07-24
4|18|4|2018-02-24
93|2|1|2018-06-10
66|33|6|2018-06-11
44|11|8|2018-07-24
71|41|1|2018-07-25
32|1|2|2018-01-27
38|35|7|2018-04-08
40|41|4|2018-01-04
11|21|8|2018-03-26
71|27|6|2018-05-03
33|36|4|2018-03-30
48|41|4|2018-03-18
55|33|6|2018-04-15
80|33|6|2018-06-04
54|2|1|2018-02-12
62|30|7|2018-04-15
30|15|4|2018-04-01
81|21|4|2018-05-26
65|35|6|2018-05-25
68|27|3|2018-01-30
27|34|8|2018-04-02
2|11|2|2018-01-15
64|7|5|2018-07-23
30|36|1|2018-06-12
42|27|8|2018-02-20
91|15|7|2018-06-16
78|30|5|2018-01-29
41|19|2|2018-04-03
37|21|4|2018-07-12
16|26|1|2018-02-28
63|26|1|2018-05-22
76|7|7|2018-04-13
95|32|2|2018-02-02
76|10|8|2018-03-25
7|6|2|2018-07-26
94|14|2|2018-07-17
85|18|1|2018-05-12
43|37|4|2018-01-29
40|10|1|2018-06-04
22|3|5|2018-01-09
51|25|5|2018-07-03
27|4|8|2018-04-15
47|25|6|2018-04-23
49|41|4|2018-04-09
65|13|2|2018-07-04
63|13|7|2018-04-09
47|8|1|2018-05-30
13|16|7|2018-04-15
14|9|3|2018-05-11
21|1|7|2018-02-23
74|41|3|2018-06-06
63|26|8|2018-05-23
12|1|7|2018-05-27
8|39|5|2018-06-05
84|19|3|2018-06-09
94|26|7|2018-01-09
74|24|1|2018-05-15
24|37|5|2018-05-29
30|22|1|2018-05-12
51|8|7|2018-01-23
82|7|3|2018-02-22
26|2|2|2018-01-07
47|5|5|2018-01-04
11|19|3|2018-02-17
2|9|1|2018-01-22
92|5|6|2018-05-17
24|10|6|2018-05-03
46|3|3|2018-06-27
25|35|4|2018-07-15
4|21|6|2018-06-10
10|12|3|2018-06-19
64|13|7|2018-07-05
37|29|5|2018-02-10
34|11|4|2018-01-07
86|41|4|2018-07-06
89|23|5|2018-05-28
84|9|3|2018-03-27
29|18|6|2018-05-28
4|3|4|2018-07-24
75|20|2|2018-02-26
34|14|3|2018-07-13
32|23|4|2018-06-09
94|18|1|2018-02-22
77|24|8|2018-03-13
3|11|6|2018-02-21
10|14|3|2018-03-22
50|27|2|2018-07-21
77|26|7|2018-01-10
91|28|6|2018-03-13
28|8|6|2018-02-05
36|41|5|2018-04-13
18|15|8|2018-01-25
98|8|2|2018-02-28
18|5|1|2018-05-06
73|19|4|2018-04-10
92|17|2|2018-02-12
27|22|2|2018-05-29
13|11|6|2018-04-30
59|4|8|2018-01-18
90|30|6|2018-01-11
17|36|2|2018-02-18
39|17|8|2018-06-15
99|4|4|2018-04-13
87|17|8|2018-06-26
68|25|4|2018-05-20
96|42|8|2018-07-23
60|18|5|2018-01-04
19|19|5|2018-02-09
14|20|8|2018-07-13
18|39|3|2018-03-22
29|25|5|2018-01-12
9|42|1|2018-04-04
84|33|2|2018-04-01
80|22|6|2018-06-18
56|27|5|2018-05-22
72|40|2|2018-01-06
45|27|8|2018-01-01
28|40|6|2018-05-07
9|2|1|2018-02-07
63|37|8|2018-05-05
78|15|6|2018-01-12
70|15|4|2018-03-03
82|40|5|2018-06-11
42|16|2|2018-03-02
63|27|1|2018-07-07
37|37|4|2018-01-06
17|13|3|2018-03-12
10|34|6|2018-07-22
48|3|4|2018-06-18
32|24|4|2018-07-12
93|34|4|2018-03-17
25|14|5|2018-01-19
67|19|5|2018-02-05
8|18|8|2018-03-16
46|36|4|2018-05-24
64|2|3|2018-01-24
7|19|4|2018-07-16
40|23|4|2018-07-09
72|2|2|2018-07-07
18|14|1|2018-04-17
23|1|1|2018-02-21
25|28|5|2018-07-12
38|27|7|2018-06-17
70|9|3|2018-05-13
26|3|5|2018-07-21
20|4|3|2018-04-19
4|22|8|2018-01-11
48|1|2|2018-05-19
23|18|7|2018-05-01
53|20|6|2018-07-04
34|28|1|2018-06-21
16|18|8|2018-05-22
92|2|8|2018-02-10
45|39|1|2018-05-15
76|4|3|2018-07-03
15|28|4|2018-02-03
57|25|4|2018-02-06
14|40|6|2018-01-15
79|9|2|2018-01-16
46|13|8|2018-05-28
20|3|7|2018-06-26
64|16|7|2018-06-07
54|37|3|2018-02-23
43|16|8|2018-04-03
37|21|3|2018-06-15
91|36|8|2018-02-22
59|35|6|2018-04-15
30|24|1|2018-07-14
5|42|1|2018-07-23
95|6|6|2018-06-01
