1|4|1|2018-02-06
1|2|4|2018-07-03
1|1|5|2018-05-22
1|5|3|2018-06-20
1|3|3|2018-06-22
1|2|1|2018-05-09
2|7|5|2018-02-26
2|6|2|2018-01-04
2|9|3|2018-01-30
2|9|5|2018-01-20
2|7|4|2018-03-14
2|9|2|2018-06-03
3|12|1|2018-05-05
3|15|3|2018-07-24
3|12|5|2018-03-20
3|13|5|2018-04-19
3|12|4|2018-02-07
3|14|3|2018-04-01
4|20|1|2018-02-25
4|18|2|2018-03-26
4|20|2|2018-06-19
4|18|4|2018-06-23
4|16|1|2018-01-13
4|18|5|2018-01-05
5|21|3|2018-06-06
5|22|2|2018-07-23
5|21|1|2018-07-03
5|25|2|2018-03-01
5|25|2|2018-07-16
5|21|1|2018-06-14
