5|1|7|2018-06-20
6|1|5|2018-02-04
1|1|5|2018-05-31
3|1|7|2018-04-25
5|1|2|2018-05-24
3|1|2|2018-06-14
12|2|7|2018-01-31
7|2|1|2018-05-01
12|2|7|2018-01-21
12|2|3|2018-07-08
11|2|7|2018-01-29
8|2|8|2018-06-18
18|3|5|2018-03-07
18|3|1|2018-01-13
18|3|8|2018-05-19
17|3|6|2018-06-01
16|3|7|2018-06-25
15|3|5|2018-01-04
24|4|3|2018-05-05
21|4|7|2018-03-28
24|4|4|2018-01-02
20|4|1|2018-02-27
21|4|7|2018-06-04
22|4|1|2018-06-29
26|5|7|2018-04-02
28|5|6|2018-03-07
27|5|3|2018-03-31
27|5|2|2018-01-12
28|5|1|2018-07-22
30|5|2|2018-02-09
